trainID = 226  2.1627  2.4552  1.309  0.0784  1.2886  0.8857  0.08  3.6113  2.562  0.0487  0.716  1.772  2.3405  0.6798  1.4877  3.5983  3.9618  0.0011  4.1845  2.0847  1.5158  1.229  0.0714  3.0139  2.8586  11.4891  9.7797  8.5052  0.5588  2.6693  3.0707  2.7544  1.2538  3.0966  4.4451  1.294  1.8993  1.7802  0.4145  0.1504  3.2775  3.8018  0.4363  1.072  1.052  1.3047  
trainID = 231  2.1476  2.8588  1.3507  0.044  1.4854  1.779  0.3813  1.019  1.976  1.6918  0.2398  0.2375  1.6514  1.7092  2.2416  4.5568  0.1303  1.4853  1.468  1.5601  0.0975  1.97  16.838  1.7388  12.2993  0.7471  1.631  2.4011  0.329  2.6798  0.8619  3.6949  0.037  0.288  3.5164  0.1846  1.6152  2.2367  1.4681  2.2171  1.03  1.513  2.0609  1.6757  0.966  2.0139  
trainID = 309  0.4558  1.2915  2.3797  0.6523  4.8009  0.675  1.7236  0.071  1.791  1.2112  3.9651  0.7707  2.2401  0.1063  2.992  3.7137  3.9527  1.2471  0.712  0.8967  0.6307  5.3049  6.3454  10.2152  23.6858  3.4533  2.6217  6.9308  1.764  0.9531  2.9489  1.011  2.573  0.607  1.7506  0.7946  3.1765  1.1071  3.6782  0.1984  0.562  0.686  2.4252  4.4233  0.576  0.3263  
trainID = 469  0.4282  1.6269  0.984  0.0543  1.7448  1.7366  0.147  1.8741  1.491  1.4881  1.932  0.879  2.1991  4.6236  2.06  0.7467  0.9272  2.8392  3.2876  1.4643  2.1556  2.5735  1.7282  3.9903  2.422  10.1928  15.6104  0.3131  2.8085  4.3202  1.126  0.5384  3.5307  34.0902  1.8763  0.1794  0.7063  1.6732  4.1897  1.13  1.8305  0.8648  2.7089  2.4585  2.684  0.5387  
trainID = 505  1.4833  0.3185  0.8837  0.409  0.3323  3.9433  0.612  1.606  4.33  2.1181  0.458  0.7131  1.9118  1.0424  0.8349  1.629  0.2045  2.0105  3.156  0.1243  3.3491  2.07  14.9066  3.2603  14.5827  1.1913  0.4076  2.8881  0.049  4.0225  1.8219  2.7314  3.299  0.738  3.5105  0.9172  2.812  3.1314  1.4058  1.7132  1.214  0.124  1.3699  2.1585  0.118  0.6241  
trainID = 1189  2.8348  0.0368  0.971  0.3032  2.8343  0.9208  1.815  2.8954  2.61  0.6565  1.5622  1.101  3.1177  0.8973  1.1173  1.0547  0.0401  0.9217  4.0352  2.1527  2.5915  0.28  0.6817  5.3728  1.9884  6.2183  4.887  14.7219  2.6137  1.622  3.84  1.29  0.9079  1.0266  0.2322  2.092  1.169  0.9906  0.2431  1.3367  0.4034  0.1546  0.5388  0.255  0.5589  1.0929  2.1528  0.879  1.5755  
TrainID = 1189  dbValue = 1.91008  nTestCell = 49  nTrainCell = 49  nDiff = 0  (X,Y) = (1075, 2105)  Position Error = 67.6018
TrainID = 231  dbValue = 2.08967  nTestCell = 49  nTrainCell = 46  nDiff = 3  (X,Y) = (1045, 2185)  Position Error = 80.0625
TrainID = 505  dbValue = 2.22906  nTestCell = 49  nTrainCell = 46  nDiff = 3  (X,Y) = (1045, 2155)  Position Error = 55.2268
TrainID = 226  dbValue = 2.35005  nTestCell = 49  nTrainCell = 46  nDiff = 3  (X,Y) = (1035, 2025)  Position Error = 93.0054
TrainID = 309  dbValue = 2.70429  nTestCell = 49  nTrainCell = 46  nDiff = 3  (X,Y) = (1135, 2135)  Position Error = 128.725
TrainID = 469  dbValue = 3.01682  nTestCell = 49  nTrainCell = 46  nDiff = 3  (X,Y) = (1095, 2055)  Position Error = 105.119
